0 0
0 0
0 0
0 0
0 0
3 0.03509521484375
1 11.04736328125
0 0
0 0
0 0
0 0
0 0
2 22.0947265625
0 0
0 0
0 0
0 0
0 0
3 44.189453125
0 0
0 0
0 0
0 0
0 0
3 72.91259765625
3 15.46630859375
0 0
0 0
0 0
0 0
3 60.760498046875
2 36.456298828125
6 74.755859375
0 0
0 0
0 0
5 76.593017578125
3 45.294189453125
4 74.017333984375
4 68.49365234375
5 76.226806640625
2 7.733154296875
2 25.408935546875
3 18.780517578125
4 56.341552734375
7 136.9873046875
5 112.68310546875
4 46.39892578125
6 101.6357421875
4 66.2841796875
4 106.0546875
1 0
8 90.58837890625
4 85.064697265625
6 117.10205078125
5 49.713134765625
5 86.16943359375
3 70.703125
4 38.665771484375
3 39.7705078125
2 36.456298828125
3 8.837890625
2 40.875244140625
4 54.132080078125
6 49.713134765625
3 7.733154296875
4 67.388916015625
2 33.14208984375
2 36.456298828125
3 43.084716796875
4 26.513671875
2 36.456298828125
4 33.14208984375
5 55.23681640625
2 33.14208984375
3 38.665771484375
5 44.189453125
3 38.665771484375
6 50.81787109375
1 2.20947265625
5 45.294189453125
2 36.456298828125
4 45.294189453125
3 39.7705078125
2 36.456298828125
4 40.875244140625
4 40.875244140625
5 49.713134765625
4 22.0947265625
2 36.456298828125
6 45.294189453125
5 17.67578125
4 64.07470703125
4 39.7705078125
2 36.456298828125
3 40.875244140625
4 13.2568359375
4 58.551025390625
2 18.780517578125
6 71.807861328125
4 23.199462890625
4 54.132080078125
6 43.084716796875
1 2.20947265625
4 40.875244140625
9 54.132080078125
5 13.2568359375
6 76.226806640625
1 0
3 45.294189453125
3 40.875244140625
4 40.875244140625
2 36.456298828125
6 49.713134765625
5 49.713134765625
5 8.837890625
3 54.132080078125
4 22.0947265625
5 36.456298828125
6 72.91259765625
3 4.4189453125
5 77.33154296875
3 39.7705078125
0 0
8 40.875244140625
3 40.875244140625
4 35.3515625
5 59.65576171875
4 22.0947265625
4 40.875244140625
8 62.969970703125
4 40.875244140625
1 0
8 58.551025390625
5 13.2568359375
5 77.33154296875
1 0
6 54.132080078125
2 36.456298828125
4 40.875244140625
5 45.294189453125
5 48.6083984375
6 50.81787109375
0 0
11 71.807861328125
1 0
5 49.713134765625
6 49.713134765625
3 32.037353515625
8 54.132080078125
2 35.3515625
4 45.294189453125
3 4.4189453125
7 72.91259765625
1 0
5 45.294189453125
4 45.294189453125
6 40.875244140625
4 39.7705078125
6 59.65576171875
1 0
3 44.189453125
11 68.49365234375
1 0
7 58.551025390625
2 36.456298828125
6 49.713134765625
4 45.294189453125
4 44.189453125
2 36.456298828125
1 0
6 58.551025390625
6 55.23681640625
1 0
10 71.807861328125
3 4.4189453125
5 49.713134765625
5 23.199462890625
3 58.551025390625
8 54.132080078125
3 8.837890625
4 77.33154296875
1 0
9 49.713134765625
3 39.7705078125
4 27.618408203125
4 36.456298828125
4 49.713134765625
6 24.30419921875
3 38.665771484375
4 58.551025390625
6 49.713134765625
3 8.837890625
9 62.969970703125
6 18.780517578125
4 45.294189453125
2 36.456298828125
6 54.132080078125
3 39.7705078125
4 45.294189453125
1 0
3 45.294189453125
8 58.551025390625
6 23.199462890625
3 40.875244140625
8 30.9326171875
3 40.875244140625
8 32.037353515625
5 40.875244140625
4 45.294189453125
3 26.513671875
5 49.713134765625
6 54.132080078125
3 40.875244140625
4 13.2568359375
8 40.875244140625
3 40.875244140625
6 32.037353515625
4 35.3515625
3 36.456298828125
6 40.875244140625
5 40.875244140625
4 62.969970703125
6 40.875244140625
1 13.2568359375
13 71.807861328125
1 0
7 45.294189453125
5 64.07470703125
2 8.837890625
4 45.294189453125
3 40.875244140625
7 49.713134765625
4 45.294189453125
3 4.4189453125
7 44.189453125
8 40.875244140625
4 40.875244140625
9 32.037353515625
3 45.294189453125
8 30.9326171875
5 45.294189453125
6 45.294189453125
2 27.618408203125
4 45.294189453125
8 62.969970703125
2 36.456298828125
2 4.4189453125
11 39.7705078125
4 40.875244140625
6 36.456298828125
5 40.875244140625
5 54.132080078125
2 17.67578125
8 45.294189453125
4 49.713134765625
3 40.875244140625
5 13.2568359375
3 40.875244140625
12 72.91259765625
3 4.4189453125
8 49.713134765625
5 58.551025390625
3 4.4189453125
5 58.551025390625
3 40.875244140625
7 16.571044921875
4 37.56103515625
4 49.713134765625
9 27.618408203125
4 35.3515625
8 49.713134765625
5 27.618408203125
7 40.875244140625
3 35.3515625
10 40.875244140625
4 40.875244140625
5 45.294189453125
3 30.9326171875
2 36.456298828125
10 77.33154296875
2 36.456298828125
1 0
13 48.6083984375
5 40.875244140625
3 23.199462890625
8 36.456298828125
4 39.7705078125
4 40.875244140625
5 45.294189453125
6 40.875244140625
4 67.388916015625
1 0
7 49.713134765625
7 27.618408203125
8 62.969970703125
7 13.2568359375
5 40.875244140625
4 49.713134765625
6 32.037353515625
4 45.294189453125
3 40.875244140625
10 48.6083984375
4 9.942626953125
3 49.713134765625
10 35.3515625
4 36.456298828125
10 49.713134765625
2 27.618408203125
9 30.9326171875
4 54.132080078125
8 32.037353515625
5 27.618408203125
5 44.189453125
4 59.65576171875
3 39.7705078125
4 18.780517578125
7 58.551025390625
4 40.875244140625
5 8.837890625
9 40.875244140625
6 45.294189453125
5 26.513671875
5 59.65576171875
3 17.67578125
3 40.875244140625
6 49.713134765625
7 40.875244140625
2 35.3515625
2 36.456298828125
9 54.132080078125
3 13.2568359375
11 72.91259765625
2 8.837890625
11 32.037353515625
3 49.713134765625
3 26.513671875
9 77.33154296875
1 4.4189453125
4 40.875244140625
10 49.713134765625
6 26.513671875
2 36.456298828125
10 40.875244140625
4 35.3515625
9 32.037353515625
3 49.713134765625
8 32.037353515625
5 54.132080078125
8 22.0947265625
6 45.294189453125
4 36.456298828125
4 36.456298828125
4 71.807861328125
0 0
9 32.037353515625
3 49.713134765625
4 40.875244140625
12 30.9326171875
5 49.713134765625
6 27.618408203125
6 35.3515625
3 54.132080078125
4 27.618408203125
3 32.037353515625
5 54.132080078125
6 26.513671875
5 54.132080078125
2 36.456298828125
6 23.199462890625
5 35.3515625
10 36.456298828125
4 54.132080078125
10 32.037353515625
5 30.9326171875
3 59.65576171875
5 17.67578125
6 62.969970703125
5 14.361572265625
4 35.3515625
7 49.713134765625
8 64.07470703125
1 0
9 44.189453125
5 36.456298828125
8 36.456298828125
3 49.713134765625
8 32.037353515625
4 44.189453125
9 27.618408203125
7 58.551025390625
2 23.199462890625
6 54.132080078125
2 35.3515625
2 36.456298828125
6 27.618408203125
6 58.551025390625
3 40.875244140625
5 8.837890625
11 58.551025390625
3 23.199462890625
7 49.713134765625
6 39.7705078125
2 32.037353515625
5 27.618408203125
4 58.551025390625
4 30.9326171875
6 27.618408203125
4 54.132080078125
4 40.875244140625
6 26.513671875
4 36.456298828125
8 27.618408203125
7 62.969970703125
7 17.67578125
9 54.132080078125
2 32.037353515625
4 40.875244140625
8 30.9326171875
3 40.875244140625
6 49.713134765625
8 23.199462890625
3 35.3515625
7 64.07470703125
4 13.2568359375
7 36.456298828125
7 40.875244140625
6 35.3515625
3 49.713134765625
9 36.456298828125
4 45.294189453125
7 22.0947265625
7 45.294189453125
4 45.294189453125
6 23.199462890625
3 71.807861328125
2 36.456298828125
2 13.2568359375
8 40.875244140625
2 36.456298828125
3 39.7705078125
13 32.037353515625
5 45.294189453125
6 40.875244140625
4 35.3515625
6 40.875244140625
2 32.037353515625
6 67.388916015625
2 14.361572265625
6 44.189453125
6 27.618408203125
5 58.551025390625
2 36.456298828125
6 13.2568359375
6 58.551025390625
6 23.199462890625
9 40.875244140625
5 35.3515625
10 36.456298828125
5 68.49365234375
2 30.9326171875
5 13.2568359375
10 72.91259765625
2 8.837890625
4 45.294189453125
10 58.551025390625
3 4.4189453125
6 64.07470703125
6 30.9326171875
6 45.294189453125
6 17.67578125
6 36.456298828125
3 54.132080078125
8 36.456298828125
3 26.513671875
4 36.456298828125
9 40.875244140625
4 40.875244140625
5 36.456298828125
6 49.713134765625
2 35.3515625
3 40.875244140625
6 32.037353515625
7 62.969970703125
2 36.456298828125
5 8.837890625
12 36.456298828125
4 40.875244140625
5 39.7705078125
4 40.875244140625
6 40.875244140625
3 35.3515625
6 67.388916015625
1 0
7 62.969970703125
3 18.780517578125
5 67.388916015625
4 40.875244140625
3 4.4189453125
9 71.807861328125
2 14.361572265625
11 30.9326171875
5 54.132080078125
7 23.199462890625
9 54.132080078125
3 40.875244140625
2 30.9326171875
8 32.037353515625
6 40.875244140625
7 35.3515625
1 36.456298828125
11 62.969970703125
4 18.780517578125
5 49.713134765625
7 17.67578125
6 36.456298828125
4 40.875244140625
9 45.294189453125
4 30.9326171875
6 36.456298828125
4 27.618408203125
4 53.961181640625
10 35.3515625
5 40.875244140625
3 45.294189453125
8 62.969970703125
4 40.875244140625
3 40.875244140625
1 0
9 36.456298828125
6 62.969970703125
4 40.875244140625
5 8.837890625
12 40.875244140625
3 40.875244140625
6 44.189453125
4 40.875244140625
6 40.875244140625
4 40.875244140625
3 22.0947265625
3 45.294189453125
5 27.618408203125
4 40.875244140625
5 49.713134765625
3 39.7705078125
3 40.875244140625
9 27.618408203125
5 36.456298828125
3 0
4 0
7 122.625732421875
8 35.3515625
8 45.294189453125
3 40.875244140625
4 36.456298828125
8 32.037353515625
6 44.189453125
4 27.618408203125
4 45.294189453125
11 62.969970703125
3 4.4189453125
8 68.49365234375
5 8.837890625
8 36.456298828125
3 49.713134765625
9 26.513671875
7 40.875244140625
3 49.713134765625
7 40.875244140625
5 49.713134765625
4 17.67578125
10 45.294189453125
4 22.0947265625
3 49.713134765625
6 55.23681640625
3 0
1 0
1 0
5 0
10 195.05615234375
4 39.7705078125
3 4.4189453125
13 45.294189453125
7 54.132080078125
2 23.199462890625
7 32.037353515625
5 48.6083984375
4 36.456298828125
5 32.037353515625
4 36.456298828125
3 54.132080078125
6 54.132080078125
2 17.67578125
6 68.49365234375
1 4.4189453125
4 38.665771484375
9 28.72314453125
8 81.75048828125
0 0
5 45.294189453125
3 39.7705078125
8 36.456298828125
8 32.037353515625
4 40.875244140625
3 0
2 0
4 0
2 0
10 220.947265625
2 8.837890625
8 41.97998046875
8 36.456298828125
4 49.713134765625
9 17.67578125
5 49.713134765625
2 36.456298828125
11 32.037353515625
6 39.7705078125
3 49.713134765625
6 45.294189453125
5 45.294189453125
5 13.2568359375
10 36.456298828125
5 45.294189453125
4 54.132080078125
4 23.199462890625
3 35.3515625
4 49.713134765625
2 36.456298828125
3 40.875244140625
2 27.618408203125
1 0
1 0
6 0
4 0
3 0
2 0
12 271.630859375
5 36.456298828125
3 27.618408203125
7 45.294189453125
4 39.7705078125
2 36.456298828125
8 72.91259765625
1 4.4189453125
6 49.713134765625
3 40.875244140625
6 44.189453125
7 14.361572265625
8 45.294189453125
3 54.132080078125
4 30.9326171875
4 55.23681640625
3 4.4189453125
6 39.7705078125
9 55.23681640625
4 49.713134765625
1 0
1 0
1 0
1 0
1 0
2 0
4 0
3 0
13 346.88720703125
5 8.837890625
7 40.875244140625
5 58.551025390625
5 13.2568359375
8 36.456298828125
5 49.713134765625
3 27.618408203125
6 49.713134765625
4 44.189453125
6 27.618408203125
10 49.713134765625
5 22.0947265625
3 59.65576171875
4 22.0947265625
2 36.456298828125
4 49.713134765625
4 40.875244140625
3 39.7705078125
4 5.523681640625
2 0
2 0
1 0
1 0
1 0
1 0
1 0
1 0
14 353.125
4 39.7705078125
7 58.551025390625
5 58.551025390625
2 18.780517578125
6 54.132080078125
3 4.4189453125
5 54.132080078125
2 27.618408203125
6 58.551025390625
7 13.2568359375
9 45.294189453125
6 62.969970703125
2 8.837890625
4 45.294189453125
2 36.456298828125
9 49.713134765625
7 22.0947265625
3 5.523681640625
1 0
1 0
1 0
1 0
1 0
2 0
1 0
1 0
1 0
0 0
19 455.1513671875
7 39.7705078125
4 49.713134765625
5 23.199462890625
9 40.875244140625
6 54.132080078125
2 30.9326171875
6 45.294189453125
6 49.713134765625
3 8.837890625
9 36.456298828125
6 36.456298828125
5 54.132080078125
2 32.037353515625
6 45.294189453125
2 0
1 0
0 0
2 0
4 0
1 0
1 0
1 0
1 0
1 0
1 0
1 0
16 492.730712890625
2 35.3515625
3 27.618408203125
6 45.294189453125
5 49.713134765625
3 39.7705078125
5 23.199462890625
6 58.551025390625
4 27.618408203125
4 30.9326171875
4 45.294189453125
2 36.456298828125
11 30.9326171875
7 40.875244140625
4 9.942626953125
2 0
1 0
1 0
4 0
4 0
2 0
1 0
1 0
2 0
1 0
1 0
1 0
17 525.8544921875
2 36.456298828125
3 39.7705078125
2 36.456298828125
2 36.456298828125
7 13.2568359375
6 36.456298828125
3 54.132080078125
5 22.0947265625
9 45.294189453125
5 32.037353515625
3 58.551025390625
4 40.875244140625
7 17.67578125
2 14.361572265625
5 0
3 0
3 0
1 0
2 0
2 0
1 0
1 0
1 0
2 0
1 0
1 0
18 556.488037109375
2 36.456298828125
3 39.7705078125
2 36.456298828125
2 36.456298828125
3 40.875244140625
3 22.0947265625
2 36.456298828125
3 24.530029296875
2 0
3 0
2 0
3 0
3 0
2 0
3 0
1 0
2 0
1 0
6 0
4 0
1 0
1 0
1 0
1 0
0 0
2 0
1 0
1 0
1 0
1 0
1 0
1 0
1 0
1 0
2 0
1 0
2 0
1 0
4 0
3 0
1 0
2 0
5 0
2 0
2 0
1 0
3 0
4 0
1 0
1 0
1 0
1 0
1 0
1 0
1 0
1 0
1 0
1 0
1 0
1 0
1 0
1 0
2 0
1 0
2 0
1 0
1 0
0 0
4 0
1 0
2 0
