0 0
0 0
0 0
0 0
0 0
3 0.03509521484375
0 0
0 0
0 0
0 0
0 0
1 0
2 11.04736328125
0 0
0 0
0 0
0 0
0 0
2 22.0947265625
0 0
0 0
0 0
0 0
0 0
2 36.456298828125
2 7.733154296875
0 0
0 0
0 0
0 0
2 36.456298828125
2 36.456298828125
4 15.46630859375
0 0
0 0
0 0
2 36.456298828125
2 24.30419921875
2 36.456298828125
2 36.456298828125
4 37.56103515625
2 0.738525390625
4 52.288818359375
3 24.30419921875
3 36.456298828125
4 45.294189453125
2 36.456298828125
4 19.88525390625
2 36.456298828125
4 48.6083984375
2 36.456298828125
3 12.152099609375
5 44.189453125
2 32.037353515625
4 60.760498046875
4 27.618408203125
2 36.456298828125
2 36.456298828125
4 39.7705078125
2 36.456298828125
2 36.456298828125
4 46.39892578125
1 16.571044921875
3 36.456298828125
4 44.189453125
4 34.246826171875
2 36.456298828125
2 33.14208984375
2 36.456298828125
2 36.456298828125
4 26.513671875
2 36.456298828125
5 45.294189453125
3 36.456298828125
2 30.9326171875
2 36.456298828125
4 44.189453125
2 36.456298828125
6 49.713134765625
1 6.62841796875
3 36.456298828125
2 36.456298828125
4 43.084716796875
2 34.246826171875
2 36.456298828125
4 38.665771484375
4 39.7705078125
4 45.294189453125
4 22.0947265625
2 36.456298828125
6 41.97998046875
6 41.97998046875
2 36.456298828125
4 37.56103515625
2 36.456298828125
2 36.456298828125
5 33.14208984375
3 36.456298828125
4 33.14208984375
4 53.02734375
4 35.3515625
2 36.456298828125
6 44.189453125
1 2.20947265625
3 36.456298828125
8 53.02734375
6 29.827880859375
4 54.132080078125
2 8.837890625
2 36.456298828125
2 36.456298828125
4 39.7705078125
2 36.456298828125
6 45.294189453125
4 45.294189453125
6 26.513671875
2 36.456298828125
5 45.294189453125
5 17.67578125
4 59.65576171875
5 44.189453125
3 36.456298828125
2 36.456298828125
2 8.837890625
7 67.388916015625
2 18.780517578125
4 35.3515625
3 36.456298828125
4 23.199462890625
4 39.7705078125
8 57.4462890625
4 38.665771484375
3 7.733154296875
7 49.713134765625
7 32.037353515625
4 55.23681640625
4 13.2568359375
2 35.3515625
2 36.456298828125
4 40.875244140625
4 40.875244140625
4 45.294189453125
6 49.713134765625
1 4.4189453125
9 62.969970703125
2 8.837890625
4 40.875244140625
6 45.294189453125
2 32.037353515625
8 49.713134765625
2 36.456298828125
4 39.7705078125
5 17.67578125
5 59.65576171875
3 22.0947265625
4 36.456298828125
3 26.513671875
6 36.456298828125
4 40.875244140625
6 56.341552734375
2 6.62841796875
2 36.456298828125
10 62.969970703125
3 13.2568359375
5 40.875244140625
2 36.456298828125
6 49.713134765625
4 40.875244140625
4 40.875244140625
2 36.456298828125
2 7.733154296875
5 46.39892578125
7 54.132080078125
3 8.837890625
7 58.551025390625
4 13.2568359375
4 40.875244140625
6 49.713134765625
2 27.618408203125
8 49.713134765625
4 44.189453125
2 36.456298828125
2 8.837890625
8 40.875244140625
2 36.456298828125
5 45.294189453125
4 45.294189453125
3 17.67578125
6 36.456298828125
3 45.294189453125
3 35.3515625
6 49.713134765625
3 9.942626953125
7 54.132080078125
7 39.7705078125
3 23.199462890625
2 36.456298828125
6 49.713134765625
2 36.456298828125
4 45.294189453125
2 7.733154296875
2 36.456298828125
6 55.23681640625
6 22.0947265625
2 36.456298828125
9 67.388916015625
2 4.4189453125
8 54.132080078125
5 23.199462890625
2 30.9326171875
5 36.456298828125
3 36.456298828125
6 54.132080078125
2 36.456298828125
5 17.67578125
7 36.456298828125
2 36.456298828125
7 48.6083984375
4 49.713134765625
3 18.780517578125
7 37.56103515625
4 47.503662109375
3 36.456298828125
6 49.713134765625
1 4.4189453125
11 64.07470703125
4 8.837890625
5 35.3515625
4 59.65576171875
3 17.67578125
3 36.456298828125
2 36.456298828125
6 48.6083984375
4 45.294189453125
3 13.2568359375
6 45.294189453125
8 40.875244140625
3 23.199462890625
10 40.875244140625
2 30.9326171875
9 58.551025390625
3 14.361572265625
6 45.294189453125
2 26.513671875
4 40.875244140625
8 62.969970703125
2 36.456298828125
3 8.837890625
10 49.713134765625
4 40.875244140625
6 32.037353515625
4 35.3515625
3 36.456298828125
3 22.0947265625
7 36.456298828125
4 49.713134765625
2 36.456298828125
6 40.875244140625
3 17.67578125
11 64.07470703125
5 13.2568359375
5 35.3515625
4 59.65576171875
4 13.2568359375
4 45.294189453125
2 36.456298828125
8 47.503662109375
4 15.46630859375
2 36.456298828125
11 48.6083984375
5 23.199462890625
5 36.456298828125
7 35.3515625
6 64.07470703125
4 8.837890625
9 49.713134765625
4 26.513671875
4 36.456298828125
4 62.969970703125
2 9.942626953125
8 62.969970703125
2 36.456298828125
3 8.837890625
11 35.3515625
4 40.875244140625
5 36.456298828125
7 40.875244140625
5 54.132080078125
3 17.67578125
5 32.037353515625
5 36.456298828125
4 62.969970703125
3 8.837890625
5 36.456298828125
9 36.456298828125
5 49.713134765625
8 22.0947265625
5 54.132080078125
3 23.199462890625
6 30.9326171875
4 45.294189453125
2 36.456298828125
10 54.132080078125
4 13.2568359375
2 36.456298828125
11 54.132080078125
4 17.67578125
9 45.294189453125
3 27.618408203125
9 40.875244140625
2 35.3515625
8 32.037353515625
6 49.713134765625
5 45.294189453125
3 30.9326171875
2 36.456298828125
5 27.618408203125
5 45.294189453125
4 40.875244140625
7 22.0947265625
8 45.294189453125
5 22.0947265625
6 36.456298828125
5 45.294189453125
4 27.618408203125
3 48.6083984375
5 27.618408203125
6 40.875244140625
2 32.037353515625
2 35.3515625
8 49.713134765625
5 27.618408203125
9 54.132080078125
3 13.2568359375
11 49.713134765625
2 23.199462890625
4 39.7705078125
8 64.07470703125
1 8.837890625
3 32.037353515625
10 48.6083984375
6 23.199462890625
2 36.456298828125
11 58.551025390625
4 17.67578125
9 45.294189453125
2 27.618408203125
9 45.294189453125
3 36.456298828125
9 35.3515625
5 27.618408203125
4 35.3515625
4 36.456298828125
4 68.49365234375
1 3.314208984375
9 36.456298828125
2 36.456298828125
4 40.875244140625
14 36.456298828125
4 39.7705078125
6 45.294189453125
6 36.456298828125
2 27.618408203125
5 58.551025390625
3 22.0947265625
4 27.618408203125
7 40.875244140625
3 35.3515625
2 36.456298828125
9 54.132080078125
3 13.2568359375
10 36.456298828125
2 36.456298828125
11 40.875244140625
5 49.713134765625
2 26.513671875
6 32.037353515625
4 45.294189453125
6 45.294189453125
5 13.2568359375
5 36.456298828125
8 62.969970703125
3 13.2568359375
8 49.713134765625
5 18.780517578125
8 49.713134765625
2 26.513671875
9 49.713134765625
3 23.199462890625
10 35.3515625
6 45.294189453125
3 36.456298828125
5 36.456298828125
2 35.3515625
2 36.456298828125
7 32.037353515625
5 49.713134765625
2 36.456298828125
7 22.0947265625
9 40.875244140625
5 39.7705078125
5 32.037353515625
6 36.456298828125
2 30.9326171875
6 59.65576171875
2 22.0947265625
4 32.037353515625
7 40.875244140625
3 36.456298828125
4 39.7705078125
6 23.199462890625
5 49.713134765625
10 35.3515625
3 36.456298828125
9 27.618408203125
7 39.7705078125
2 32.037353515625
4 40.875244140625
8 32.037353515625
2 35.3515625
6 45.294189453125
9 54.132080078125
3 8.837890625
6 55.23681640625
5 26.513671875
7 40.875244140625
6 26.513671875
6 45.294189453125
2 27.618408203125
9 54.132080078125
3 22.0947265625
9 36.456298828125
6 49.713134765625
3 23.199462890625
6 54.132080078125
2 35.3515625
2 36.456298828125
3 17.67578125
8 68.49365234375
1 0
3 40.875244140625
13 35.3515625
5 55.23681640625
5 17.67578125
5 36.456298828125
5 35.3515625
3 49.713134765625
5 45.294189453125
2 14.361572265625
6 39.7705078125
7 45.294189453125
3 36.456298828125
2 36.456298828125
8 30.9326171875
4 36.456298828125
7 32.037353515625
8 58.551025390625
5 13.2568359375
10 36.456298828125
4 54.132080078125
2 32.037353515625
7 30.9326171875
7 49.713134765625
3 18.780517578125
3 30.9326171875
10 58.551025390625
4 14.361572265625
4 49.713134765625
6 30.9326171875
6 40.875244140625
7 27.618408203125
6 49.713134765625
2 26.513671875
9 36.456298828125
4 45.294189453125
5 22.0947265625
8 45.294189453125
4 45.294189453125
5 18.780517578125
4 39.7705078125
2 36.456298828125
2 36.456298828125
7 40.875244140625
5 49.713134765625
2 36.456298828125
7 17.67578125
11 39.7705078125
4 45.294189453125
5 27.618408203125
4 32.037353515625
5 35.3515625
3 54.132080078125
5 45.294189453125
2 14.361572265625
6 44.189453125
5 27.618408203125
4 54.132080078125
4 40.875244140625
4 13.2568359375
8 58.551025390625
2 14.361572265625
12 40.875244140625
4 39.7705078125
8 27.618408203125
8 45.294189453125
2 36.456298828125
2 30.9326171875
8 32.037353515625
6 36.456298828125
8 71.807861328125
1 4.4189453125
9 54.132080078125
4 17.67578125
4 46.39892578125
8 35.3515625
6 45.294189453125
5 17.67578125
7 36.456298828125
4 54.132080078125
7 36.456298828125
3 26.513671875
3 36.456298828125
11 40.875244140625
4 40.875244140625
2 22.0947265625
8 59.65576171875
4 39.7705078125
2 36.456298828125
3 17.67578125
7 27.618408203125
4 49.713134765625
4 40.875244140625
7 17.67578125
11 40.875244140625
3 49.713134765625
6 27.618408203125
3 30.9326171875
6 40.875244140625
4 35.3515625
4 30.9326171875
2 36.456298828125
7 62.969970703125
3 18.780517578125
4 30.9326171875
2 36.456298828125
2 36.456298828125
10 39.7705078125
4 40.875244140625
6 27.618408203125
9 40.875244140625
3 30.9326171875
9 36.456298828125
7 40.875244140625
2 36.456298828125
4 35.3515625
8 32.037353515625
6 40.875244140625
5 35.3515625
3 36.456298828125
10 59.65576171875
5 22.0947265625
5 45.294189453125
7 22.0947265625
7 36.456298828125
2 32.037353515625
11 54.132080078125
5 30.9326171875
2 27.618408203125
8 36.456298828125
4 48.4375
4 18.780517578125
10 40.875244140625
4 45.294189453125
3 35.3515625
5 45.294189453125
6 45.294189453125
2 36.456298828125
3 8.837890625
10 40.875244140625
5 49.713134765625
4 40.875244140625
5 13.2568359375
12 40.875244140625
5 40.875244140625
3 26.513671875
7 58.551025390625
4 14.361572265625
4 48.6083984375
4 40.875244140625
4 45.294189453125
2 18.780517578125
6 49.713134765625
2 17.67578125
6 68.49365234375
1 3.314208984375
3 36.456298828125
11 45.294189453125
7 59.65576171875
1 5.523681640625
3 36.456298828125
2 36.456298828125
9 43.084716796875
8 45.294189453125
3 36.456298828125
6 40.875244140625
5 17.67578125
8 58.551025390625
3 18.780517578125
6 54.132080078125
3 17.67578125
7 32.037353515625
8 36.456298828125
4 45.294189453125
10 26.513671875
5 36.456298828125
2 36.456298828125
12 48.6083984375
6 40.875244140625
2 27.618408203125
6 40.875244140625
4 45.294189453125
6 22.0947265625
10 45.294189453125
4 22.0947265625
4 49.713134765625
4 23.199462890625
4 43.707275390625
2 36.456298828125
2 36.456298828125
2 36.456298828125
2 36.456298828125
2 36.456298828125
3 37.56103515625
13 30.9326171875
8 45.294189453125
5 30.9326171875
5 45.294189453125
5 40.875244140625
4 17.67578125
4 36.456298828125
7 54.132080078125
4 49.713134765625
2 18.780517578125
7 54.132080078125
1 17.67578125
5 32.037353515625
2 36.456298828125
6 43.084716796875
8 28.72314453125
6 45.294189453125
2 36.456298828125
4 26.513671875
4 55.23681640625
4 12.152099609375
7 36.456298828125
8 45.294189453125
4 55.23681640625
2 36.456298828125
2 36.456298828125
2 36.456298828125
2 36.456298828125
2 35.3515625
4 12.152099609375
8 41.97998046875
7 36.456298828125
5 49.713134765625
7 17.67578125
6 49.713134765625
3 36.456298828125
7 27.618408203125
7 30.9326171875
4 36.456298828125
5 36.456298828125
3 35.3515625
5 45.294189453125
7 27.618408203125
9 45.294189453125
6 45.294189453125
2 30.9326171875
5 58.551025390625
2 9.942626953125
3 36.456298828125
4 39.7705078125
2 36.456298828125
4 32.037353515625
4 40.740966796875
4 48.6083984375
2 36.456298828125
2 36.456298828125
2 36.456298828125
2 36.456298828125
2 36.456298828125
2 18.780517578125
6 45.294189453125
4 26.513671875
6 40.875244140625
4 54.132080078125
2 18.780517578125
6 54.132080078125
4 22.0947265625
4 32.037353515625
3 40.875244140625
5 40.875244140625
9 30.9326171875
8 32.037353515625
5 54.132080078125
3 30.9326171875
3 18.780517578125
2 36.456298828125
8 44.189453125
8 32.037353515625
4 40.875244140625
2 32.037353515625
2 36.456298828125
2 36.456298828125
2 36.456298828125
2 36.456298828125
4 65.179443359375
2 36.456298828125
2 36.456298828125
2 36.456298828125
1 26.513671875
8 17.67578125
6 54.132080078125
3 23.199462890625
7 30.9326171875
8 45.294189453125
5 36.456298828125
2 27.618408203125
6 45.294189453125
6 48.6083984375
4 14.361572265625
9 40.875244140625
6 44.189453125
3 27.618408203125
3 40.875244140625
5 49.713134765625
4 49.713134765625
2 36.456298828125
1 4.4189453125
3 36.456298828125
9 51.531982421875
2 36.456298828125
2 36.456298828125
2 36.456298828125
2 36.456298828125
2 36.456298828125
2 36.456298828125
2 18.780517578125
2 36.456298828125
2 36.456298828125
4 39.7705078125
6 36.456298828125
4 40.875244140625
2 36.456298828125
6 30.9326171875
4 45.294189453125
4 26.513671875
5 59.65576171875
3 13.2568359375
2 36.456298828125
12 39.7705078125
7 36.456298828125
5 54.132080078125
4 32.037353515625
2 22.0947265625
2 36.456298828125
8 36.456298828125
8 35.3515625
4 41.97998046875
2 36.456298828125
2 36.456298828125
4 47.503662109375
2 36.456298828125
2 36.456298828125
2 36.456298828125
2 36.456298828125
2 36.456298828125
2 36.456298828125
2 36.456298828125
2 34.246826171875
9 26.513671875
5 45.294189453125
2 26.513671875
7 32.037353515625
8 49.713134765625
5 36.456298828125
2 30.9326171875
4 40.875244140625
8 54.132080078125
2 8.837890625
10 36.456298828125
6 36.456298828125
6 54.132080078125
2 32.037353515625
4 22.0947265625
4 35.369873046875
3 72.91259765625
1 0
2 36.456298828125
4 59.65576171875
2 36.456298828125
2 36.456298828125
2 36.456298828125
2 36.456298828125
2 36.456298828125
2 36.456298828125
2 36.456298828125
2 36.456298828125
2 19.88525390625
2 35.3515625
3 45.294189453125
4 27.618408203125
6 49.713134765625
3 36.456298828125
6 26.513671875
6 54.132080078125
5 32.037353515625
5 30.9326171875
2 32.037353515625
4 49.713134765625
3 13.2568359375
12 45.294189453125
7 59.65576171875
2 36.456298828125
2 36.456298828125
2 36.456298828125
2 36.456298828125
1 4.4189453125
3 36.456298828125
2 36.456298828125
2 36.456298828125
2 36.456298828125
2 36.456298828125
2 36.456298828125
2 36.456298828125
2 36.456298828125
2 36.456298828125
4 47.503662109375
2 36.456298828125
4 39.7705078125
2 36.456298828125
9 26.513671875
5 49.713134765625
2 27.618408203125
6 32.037353515625
8 35.3515625
5 54.132080078125
3 36.456298828125
2 36.456298828125
7 22.0947265625
7 47.20458984375
2 36.456298828125
2 36.456298828125
2 36.456298828125
2 36.456298828125
2 36.456298828125
2 36.456298828125
2 36.456298828125
2 36.456298828125
2 36.456298828125
2 36.456298828125
2 27.618408203125
2 36.456298828125
2 36.456298828125
2 36.456298828125
4 58.551025390625
2 36.456298828125
4 39.7705078125
2 36.456298828125
2 36.456298828125
1 4.4189453125
7 58.551025390625
2 24.30419921875
2 0.225830078125
0 0
0 0
0 0
0 0
0 0
1 0
