0 0
0 0
3 0.03509521484375
0 0
5 10.6689453125
0 0
2 13.2568359375
2 8.837890625
2 26.513671875
0 0
0 0
2 17.67578125
0 0
2 36.456298828125
0 0
0 0
0 0
2 16.571044921875
0 0
2 32.037353515625
0 0
0 0
2 36.456298828125
0 0
0 0
0 0
2 36.456298828125
0 0
0 0
0 0
3 32.037353515625
1 0
0 0
0 0
2 36.456298828125
0 0
0 0
0 0
2 25.408935546875
0 0
1 36.456298828125
1 0
0 0
0 0
1 36.456298828125
1 0
0 0
0 0
1 3.314208984375
5 39.7705078125
0 0
0 0
0 0
2 17.67578125
0 0
2 22.0947265625
0 0
0 0
4 17.67578125
0 0
2 26.513671875
0 0
1 15.46630859375
1 0
2 22.0947265625
0 0
0 0
2 27.618408203125
0 0
0 0
2 36.456298828125
0 0
0 0
0 0
4 29.827880859375
0 0
0 0
2 8.837890625
2 32.037353515625
0 0
0 0
2 36.456298828125
0 0
0 0
0 0
2 36.456298828125
0 0
0 0
0 0
2 6.62841796875
2 36.456298828125
0 0
0 0
0 0
2 14.361572265625
0 0
4 41.97998046875
0 0
0 0
0 0
2 26.513671875
0 0
0 0
2 13.2568359375
0 0
2 36.456298828125
0 0
0 0
0 0
2 36.456298828125
0 0
0 0
0 0
2 36.456298828125
0 0
0 0
0 0
2 9.942626953125
2 25.408935546875
0 0
1 22.0947265625
1 0
0 0
2 29.827880859375
0 0
0 0
2 36.456298828125
0 0
0 0
0 0
2 4.4189453125
2 11.04736328125
2 17.67578125
0 0
2 7.733154296875
2 15.46630859375
2 19.88525390625
0 0
1 36.456298828125
1 0
0 0
0 0
2 36.456298828125
0 0
0 0
0 0
1 2.20947265625
5 43.084716796875
0 0
0 0
0 0
1 2.20947265625
3 15.46630859375
1 6.62841796875
3 17.67578125
0 0
2 18.780517578125
0 0
2 28.72314453125
0 0
0 0
2 3.314208984375
2 11.04736328125
2 36.456298828125
0 0
0 0
0 0
4 38.665771484375
0 0
0 0
0 0
3 37.56103515625
0 0
0 0
0 0
3 13.2568359375
1 0
2 25.408935546875
0 0
1 24.30419921875
1 0
0 0
2 29.827880859375
0 0
0 0
2 8.837890625
2 29.827880859375
0 0
0 0
0 0
4 13.2568359375
4 22.0947265625
0 0
1 7.733154296875
3 15.46630859375
0 0
2 8.837890625
2 13.2568359375
2 36.456298828125
0 0
0 0
0 0
1 2.20947265625
3 36.456298828125
0 0
0 0
0 0
6 11.04736328125
2 36.456298828125
0 0
0 0
0 0
5 19.88525390625
1 0
2 6.62841796875
2 18.780517578125
0 0
2 19.88525390625
0 0
2 29.827880859375
0 0
0 0
2 4.4189453125
2 11.04736328125
3 38.665771484375
1 0
0 0
0 0
4 38.665771484375
0 0
0 0
0 0
1 2.20947265625
3 36.456298828125
0 0
0 0
0 0
5 15.46630859375
1 26.513671875
1 0
0 0
2 18.780517578125
0 0
1 6.62841796875
3 33.14208984375
0 0
0 0
0 0
2 8.837890625
2 29.827880859375
0 0
0 0
2 6.62841796875
2 8.837890625
4 23.199462890625
0 0
2 6.62841796875
2 17.67578125
0 0
2 7.733154296875
2 15.46630859375
2 36.456298828125
0 0
0 0
0 0
1 2.20947265625
5 38.665771484375
0 0
0 0
0 0
5 6.62841796875
4 43.084716796875
0 0
0 0
0 0
2 3.314208984375
5 18.780517578125
0 0
3 26.513671875
1 0
0 0
2 20.989990234375
0 0
2 30.9326171875
0 0
0 0
1 5.523681640625
3 11.04736328125
2 4.4189453125
2 36.456298828125
0 0
0 0
0 0
4 38.665771484375
0 0
0 0
0 0
5 35.3515625
0 0
0 0
0 0
2 6.62841796875
4 16.571044921875
2 28.72314453125
0 0
0 0
1 19.88525390625
1 0
0 0
4 9.942626953125
2 30.9326171875
0 0
0 0
2 9.942626953125
2 26.513671875
0 0
0 0
2 4.4189453125
4 15.46630859375
2 3.314208984375
2 22.0947265625
0 0
2 6.62841796875
2 17.67578125
0 0
2 7.733154296875
2 17.67578125
0 0
4 38.665771484375
0 0
0 0
0 0
6 40.875244140625
0 0
0 0
0 0
2 4.4189453125
4 11.04736328125
2 36.456298828125
0 0
0 0
0 0
5 8.837890625
3 15.46630859375
0 0
4 15.46630859375
2 5.523681640625
2 6.62841796875
2 22.0947265625
0 0
2 32.037353515625
0 0
0 0
0 0
4 17.67578125
0 0
4 40.875244140625
0 0
0 0
0 0
5 40.875244140625
1 0
0 0
0 0
1 2.20947265625
5 36.456298828125
0 0
0 0
0 0
2 8.837890625
4 15.46630859375
1 32.037353515625
1 0
0 0
0 0
2 19.88525390625
0 0
2 6.62841796875
4 36.456298828125
0 0
0 0
0 0
2 11.04736328125
2 27.618408203125
0 0
0 0
2 4.4189453125
4 15.46630859375
2 4.4189453125
2 23.199462890625
0 0
2 6.62841796875
2 17.67578125
0 0
2 8.837890625
2 18.780517578125
0 0
4 40.875244140625
0 0
0 0
0 0
1 2.20947265625
5 38.665771484375
0 0
0 0
0 0
3 5.523681640625
4 12.152099609375
2 36.456298828125
0 0
0 0
0 0
5 6.62841796875
4 19.88525390625
0 0
2 8.837890625
2 8.837890625
4 12.152099609375
2 24.30419921875
0 0
0 0
2 32.037353515625
0 0
0 0
2 6.62841796875
2 13.2568359375
1 4.4189453125
3 20.989990234375
0 0
2 17.67578125
0 0
4 4.4189453125
2 36.456298828125
0 0
0 0
0 0
6 8.837890625
2 32.037353515625
0 0
0 0
2 11.04736328125
2 4.4189453125
2 11.04736328125
2 34.246826171875
0 0
0 0
0 0
4 19.88525390625
0 0
2 6.62841796875
4 18.780517578125
0 0
2 19.88525390625
0 0
2 11.04736328125
2 29.827880859375
0 0
0 0
2 4.4189453125
2 6.62841796875
2 8.837890625
4 29.827880859375
1 0
0 0
2 6.62841796875
2 19.88525390625
0 0
2 7.733154296875
2 15.46630859375
2 4.4189453125
4 40.875244140625
0 0
0 0
0 0
3 4.4189453125
5 22.0947265625
0 0
2 18.780517578125
0 0
2 6.62841796875
3 11.04736328125
3 36.456298828125
0 0
0 0
0 0
3 6.62841796875
5 8.837890625
2 15.46630859375
0 0
2 9.942626953125
2 8.837890625
4 13.2568359375
2 25.408935546875
0 0
0 0
2 19.88525390625
0 0
2 13.2568359375
1 6.62841796875
3 14.361572265625
0 0
4 26.513671875
0 0
0 0
2 18.780517578125
0 0
6 40.875244140625
0 0
0 0
0 0
3 4.4189453125
6 39.7705078125
1 0
0 0
0 0
2 12.152099609375
1 4.4189453125
3 11.04736328125
2 36.456298828125
0 0
0 0
0 0
2 4.4189453125
2 15.46630859375
2 8.837890625
2 4.4189453125
2 14.361572265625
2 8.837890625
2 11.04736328125
1 13.2568359375
1 0
2 29.827880859375
0 0
0 0
2 4.4189453125
2 8.837890625
2 8.837890625
4 32.037353515625
0 0
0 0
2 6.62841796875
2 20.989990234375
0 0
2 6.62841796875
2 17.67578125
0 0
4 8.837890625
2 36.456298828125
0 0
0 0
0 0
6 6.62841796875
4 23.199462890625
0 0
2 19.88525390625
0 0
2 6.62841796875
3 11.04736328125
3 36.456298828125
0 0
0 0
0 0
3 4.4189453125
7 13.2568359375
2 16.571044921875
0 0
2 11.04736328125
2 4.4189453125
4 8.837890625
2 8.837890625
2 27.618408203125
0 0
0 0
2 19.88525390625
0 0
2 14.361572265625
2 6.62841796875
2 15.46630859375
0 0
4 23.199462890625
0 0
2 4.4189453125
2 19.88525390625
0 0
6 40.875244140625
0 0
0 0
0 0
1 2.20947265625
8 11.04736328125
3 11.04736328125
2 25.408935546875
0 0
0 0
2 11.04736328125
2 4.4189453125
2 13.2568359375
2 36.456298828125
0 0
0 0
0 0
4 6.62841796875
2 14.361572265625
2 11.04736328125
0 0
4 17.67578125
1 2.20947265625
3 8.837890625
2 12.152099609375
2 13.2568359375
1 4.4189453125
3 27.618408203125
0 0
0 0
3 13.2568359375
2 8.837890625
2 4.4189453125
5 29.827880859375
0 0
0 0
2 6.62841796875
2 22.0947265625
0 0
2 6.62841796875
2 18.780517578125
0 0
2 4.4189453125
4 40.875244140625
0 0
0 0
0 0
4 4.4189453125
8 28.72314453125
0 0
0 0
2 20.989990234375
0 0
2 6.62841796875
4 11.04736328125
2 36.456298828125
0 0
0 0
0 0
5 6.62841796875
4 8.837890625
5 23.199462890625
0 0
2 11.04736328125
1 4.4189453125
5 6.62841796875
4 13.2568359375
2 27.618408203125
0 0
0 0
2 22.0947265625
0 0
0 0
2 14.361572265625
2 6.62841796875
2 17.67578125
0 0
4 23.199462890625
0 0
2 4.4189453125
2 22.0947265625
0 0
3 4.4189453125
3 36.456298828125
0 0
0 0
0 0
7 8.837890625
6 17.67578125
1 0
2 18.780517578125
0 0
2 8.837890625
2 11.04736328125
4 18.780517578125
0 0
2 36.456298828125
0 0
0 0
0 0
5 8.837890625
2 15.46630859375
0 0
2 11.04736328125
4 17.67578125
0 0
4 12.152099609375
2 13.2568359375
1 13.2568359375
1 0
4 16.571044921875
0 0
2 17.67578125
0 0
4 13.2568359375
2 11.04736328125
2 4.4189453125
4 29.827880859375
0 0
0 0
2 6.62841796875
2 8.837890625
2 14.361572265625
1 8.837890625
3 19.88525390625
0 0
0 0
4 8.837890625
2 36.456298828125
0 0
0 0
1 2.20947265625
8 8.837890625
5 25.408935546875
0 0
1 22.0947265625
1 0
0 0
2 6.62841796875
4 12.152099609375
2 36.456298828125
0 0
0 0
0 0
4 6.62841796875
5 8.837890625
4 8.837890625
2 17.67578125
0 0
2 12.152099609375
3 8.837890625
5 6.62841796875
2 8.837890625
2 29.827880859375
0 0
0 0
2 22.0947265625
0 0
2 15.46630859375
0 0
2 7.733154296875
2 17.67578125
0 0
4 24.30419921875
0 0
1 4.4189453125
3 23.199462890625
0 0
1 2.20947265625
5 38.665771484375
0 0
0 0
0 0
5 6.62841796875
8 13.2568359375
3 11.04736328125
2 18.780517578125
0 0
1 8.837890625
3 13.2568359375
0 0
4 18.780517578125
0 0
2 36.456298828125
0 0
0 0
0 0
4 11.04736328125
3 15.46630859375
0 0
2 13.2568359375
2 4.4189453125
2 13.2568359375
2 5.523681640625
3 22.0947265625
1 0
2 13.2568359375
0 0
4 8.837890625
3 27.618408203125
1 0
0 0
4 13.2568359375
2 12.152099609375
1 4.4189453125
5 30.9326171875
0 0
0 0
2 6.62841796875
2 9.942626953125
2 15.46630859375
0 0
2 8.837890625
2 19.88525390625
0 0
2 5.523681640625
4 40.875244140625
0 0
0 0
0 0
3 5.523681640625
8 9.942626953125
3 24.30419921875
0 0
1 20.989990234375
1 0
0 0
4 8.837890625
3 13.2568359375
3 23.199462890625
0 0
0 0
2 15.46630859375
2 4.4189453125
6 11.04736328125
4 11.04736328125
2 16.571044921875
0 0
2 13.2568359375
0 0
4 8.837890625
5 17.67578125
2 29.827880859375
1 0
0 0
0 0
2 23.199462890625
0 0
2 17.67578125
0 0
2 8.837890625
2 17.67578125
0 0
2 5.523681640625
2 19.88525390625
0 0
3 22.0947265625
1 0
2 7.733154296875
3 4.4189453125
5 37.56103515625
0 0
0 0
0 0
5 7.733154296875
9 13.2568359375
2 11.04736328125
2 19.88525390625
0 0
1 9.942626953125
1 0
2 13.2568359375
3 19.88525390625
1 0
2 36.456298828125
0 0
0 0
0 0
3 8.837890625
3 4.4189453125
2 16.571044921875
1 13.2568359375
1 0
3 19.88525390625
1 0
2 4.4189453125
3 23.199462890625
1 0
2 15.46630859375
0 0
4 8.837890625
2 7.733154296875
2 19.88525390625
0 0
2 6.62841796875
3 22.0947265625
1 0
4 5.523681640625
2 30.9326171875
0 0
0 0
2 6.62841796875
2 9.942626953125
2 17.67578125
0 0
2 8.837890625
2 20.989990234375
0 0
3 8.837890625
3 36.456298828125
0 0
0 0
0 0
4 8.837890625
5 8.837890625
5 26.513671875
0 0
0 0
2 23.199462890625
0 0
2 2.20947265625
4 13.2568359375
2 6.62841796875
2 23.199462890625
0 0
2 2.20947265625
2 15.46630859375
2 4.4189453125
6 11.04736328125
4 12.152099609375
2 17.67578125
0 0
2 13.2568359375
0 0
4 8.837890625
5 9.942626953125
2 8.837890625
2 33.14208984375
0 0
0 0
2 5.523681640625
2 17.67578125
0 0
2 17.67578125
0 0
2 11.04736328125
2 18.780517578125
0 0
2 4.4189453125
2 22.0947265625
0 0
3 5.523681640625
2 17.67578125
0 0
7 11.04736328125
4 40.875244140625
1 0
0 0
0 0
3 4.4189453125
7 8.837890625
4 8.837890625
2 9.942626953125
2 22.0947265625
0 0
2 11.04736328125
2 13.2568359375
0 0
3 20.989990234375
1 0
2 36.456298828125
0 0
0 0
0 0
4 4.4189453125
4 11.04736328125
2 17.67578125
0 0
2 14.361572265625
2 4.4189453125
2 15.46630859375
1 4.4189453125
3 8.837890625
2 16.571044921875
0 0
4 15.46630859375
1 4.4189453125
4 13.2568359375
2 20.989990234375
1 0
0 0
3 15.46630859375
2 15.46630859375
1 0
4 4.4189453125
2 32.037353515625
0 0
0 0
2 8.837890625
2 8.837890625
2 18.780517578125
0 0
2 8.837890625
2 22.0947265625
0 0
1 5.523681640625
3 4.4189453125
2 36.456298828125
0 0
0 0
0 0
5 11.04736328125
6 8.837890625
4 28.72314453125
0 0
0 0
2 23.199462890625
0 0
1 2.20947265625
3 8.837890625
3 13.2568359375
3 23.199462890625
0 0
0 0
4 19.88525390625
0 0
4 6.62841796875
4 8.837890625
4 12.152099609375
2 19.88525390625
0 0
2 13.2568359375
1 4.4189453125
3 5.523681640625
4 11.04736328125
2 8.837890625
2 34.246826171875
0 0
0 0
0 0
4 24.30419921875
0 0
2 18.780517578125
0 0
2 11.04736328125
1 19.88525390625
1 0
0 0
4 27.618408203125
0 0
0 0
4 24.30419921875
0 0
2 4.4189453125
6 8.837890625
4 40.875244140625
0 0
0 0
0 0
2 4.4189453125
7 9.942626953125
5 8.837890625
2 11.04736328125
2 24.30419921875
0 0
0 0
2 9.942626953125
2 15.46630859375
1 4.4189453125
3 17.67578125
0 0
3 34.246826171875
1 0
0 0
0 0
6 8.837890625
4 11.04736328125
2 18.780517578125
0 0
2 15.46630859375
0 0
4 20.989990234375
0 0
4 13.2568359375
2 17.67578125
0 0
2 4.4189453125
2 12.152099609375
2 4.4189453125
4 13.2568359375
2 22.0947265625
0 0
1 7.733154296875
3 8.837890625
2 15.46630859375
0 0
5 38.665771484375
1 0
0 0
0 0
2 8.837890625
2 8.837890625
2 20.989990234375
0 0
1 8.837890625
2 24.30419921875
1 0
0 0
2 4.4189453125
4 40.875244140625
0 0
0 0
0 0
4 8.837890625
3 6.62841796875
5 7.733154296875
4 30.9326171875
0 0
0 0
2 23.199462890625
0 0
0 0
4 11.04736328125
2 8.837890625
3 29.827880859375
1 0
0 0
3 22.0947265625
1 0
1 4.4189453125
7 11.04736328125
3 12.152099609375
2 22.0947265625
1 0
0 0
2 13.2568359375
2 5.523681640625
4 8.837890625
2 8.837890625
2 8.837890625
2 36.456298828125
0 0
0 0
0 0
2 6.62841796875
2 17.67578125
1 20.989990234375
1 0
0 0
2 11.04736328125
2 19.88525390625
0 0
2 4.4189453125
2 25.408935546875
0 0
1 4.4189453125
3 19.88525390625
0 0
2 5.523681640625
6 8.837890625
4 43.084716796875
0 0
0 0
0 0
1 4.4189453125
7 6.62841796875
6 13.2568359375
2 11.04736328125
2 25.408935546875
0 0
0 0
2 11.04736328125
2 17.67578125
0 0
2 4.4189453125
2 18.780517578125
0 0
4 34.246826171875
0 0
0 0
1 4.4189453125
6 13.2568359375
2 4.4189453125
3 19.88525390625
0 0
2 16.571044921875
0 0
3 19.88525390625
1 0
2 6.62841796875
2 8.837890625
3 18.780517578125
1 0
4 17.67578125
0 0
4 8.837890625
2 8.837890625
2 23.199462890625
0 0
2 8.837890625
2 8.837890625
2 16.571044921875
0 0
4 4.4189453125
2 35.3515625
0 0
0 0
1 9.942626953125
2 8.837890625
2 22.0947265625
1 0
0 0
2 8.837890625
2 18.780517578125
0 0
2 6.62841796875
4 8.837890625
2 36.456298828125
0 0
0 0
0 0
6 11.04736328125
2 6.62841796875
7 11.04736328125
3 29.827880859375
0 0
0 0
2 25.408935546875
0 0
0 0
4 11.04736328125
2 8.837890625
2 8.837890625
2 23.199462890625
0 0
1 4.4189453125
3 19.88525390625
0 0
2 4.4189453125
6 11.04736328125
4 12.152099609375
2 13.2568359375
0 0
2 11.04736328125
2 13.2568359375
2 5.523681640625
3 8.837890625
3 11.04736328125
2 8.837890625
2 36.456298828125
0 0
0 0
0 0
4 8.837890625
2 17.67578125
0 0
2 23.199462890625
0 0
1 11.04736328125
1 0
2 19.88525390625
0 0
3 32.037353515625
1 0
0 0
1 4.4189453125
3 20.989990234375
0 0
2 6.62841796875
5 8.837890625
3 8.837890625
2 36.456298828125
0 0
0 0
0 0
4 6.62841796875
8 11.04736328125
4 11.04736328125
2 9.942626953125
2 28.72314453125
0 0
0 0
2 11.04736328125
1 18.780517578125
1 0
0 0
4 26.513671875
0 0
1 4.4189453125
3 32.037353515625
0 0
0 0
1 4.4189453125
6 15.46630859375
1 0
4 25.408935546875
0 0
1 17.67578125
1 0
2 6.62841796875
2 16.571044921875
0 0
2 6.62841796875
2 8.837890625
4 20.989990234375
0 0
4 19.88525390625
0 0
2 4.4189453125
4 15.46630859375
2 9.942626953125
2 15.46630859375
0 0
2 8.837890625
2 11.04736328125
2 4.4189453125
2 12.152099609375
4 6.62841796875
2 36.456298828125
0 0
0 0
0 0
3 13.2568359375
2 8.837890625
2 24.30419921875
0 0
0 0
2 9.942626953125
2 22.0947265625
0 0
2 6.62841796875
2 4.4189453125
4 40.875244140625
0 0
0 0
0 0
3 6.62841796875
5 11.04736328125
2 7.733154296875
6 8.837890625
4 35.3515625
0 0
0 0
0 0
2 23.199462890625
0 0
2 6.62841796875
4 11.04736328125
2 11.04736328125
2 9.942626953125
1 26.513671875
1 0
0 0
2 4.4189453125
2 20.989990234375
0 0
2 6.62841796875
6 11.04736328125
2 6.62841796875
2 6.62841796875
2 16.571044921875
2 11.04736328125
0 0
2 15.46630859375
2 6.62841796875
3 9.942626953125
3 13.2568359375
0 0
4 45.294189453125
0 0
0 0
0 0
1 4.4189453125
5 11.04736328125
2 19.88525390625
0 0
2 25.408935546875
0 0
0 0
2 13.2568359375
0 0
2 23.199462890625
0 0
2 4.4189453125
2 30.9326171875
0 0
0 0
2 5.523681640625
2 24.30419921875
0 0
2 6.62841796875
4 6.62841796875
4 14.361572265625
2 36.456298828125
0 0
0 0
0 0
2 5.523681640625
4 7.733154296875
7 11.04736328125
4 13.2568359375
2 11.04736328125
1 0
2 34.246826171875
0 0
0 0
1 11.04736328125
1 0
2 23.199462890625
0 0
2 6.62841796875
2 22.0947265625
0 0
2 4.4189453125
4 38.665771484375
0 0
0 0
0 0
3 6.62841796875
5 14.361572265625
2 4.4189453125
2 26.513671875
0 0
0 0
2 18.780517578125
0 0
2 8.837890625
2 17.67578125
0 0
2 8.837890625
2 8.837890625
5 25.408935546875
1 0
1 4.4189453125
3 17.67578125
0 0
2 6.62841796875
4 16.571044921875
2 13.2568359375
0 0
2 17.67578125
0 0
2 9.942626953125
2 13.2568359375
2 4.4189453125
2 15.46630859375
1 2.20947265625
5 9.942626953125
2 36.456298828125
0 0
0 0
0 0
3 15.46630859375
1 11.04736328125
1 0
2 28.72314453125
0 0
0 0
2 12.152099609375
2 24.30419921875
0 0
0 0
2 8.837890625
4 9.942626953125
2 22.0947265625
0 0
2 19.88525390625
0 0
0 0
5 9.942626953125
2 11.04736328125
2 8.837890625
6 11.04736328125
4 13.2568359375
1 27.618408203125
1 0
0 0
1 27.618408203125
1 0
0 0
0 0
5 19.88525390625
1 0
2 13.2568359375
2 11.04736328125
2 32.037353515625
0 0
0 0
0 0
4 29.827880859375
0 0
0 0
2 6.62841796875
6 13.2568359375
2 6.62841796875
2 8.837890625
2 18.780517578125
0 0
2 13.2568359375
0 0
2 17.67578125
1 7.733154296875
3 4.4189453125
2 6.62841796875
2 15.46630859375
2 11.04736328125
2 36.456298828125
0 0
0 0
0 0
1 6.62841796875
3 4.4189453125
4 12.152099609375
2 24.30419921875
0 0
0 0
2 29.827880859375
0 0
0 0
2 15.46630859375
0 0
2 28.72314453125
0 0
0 0
4 39.7705078125
0 0
0 0
0 0
3 7.733154296875
2 7.733154296875
2 19.88525390625
0 0
2 8.837890625
4 8.837890625
3 16.571044921875
1 0
2 36.456298828125
0 0
0 0
0 0
3 13.2568359375
4 8.837890625
3 4.4189453125
6 8.837890625
4 17.67578125
0 0
4 12.152099609375
2 36.456298828125
0 0
0 0
0 0
6 17.67578125
0 0
2 28.72314453125
0 0
0 0
2 7.733154296875
2 26.513671875
0 0
0 0
4 8.837890625
2 36.456298828125
0 0
0 0
0 0
5 11.04736328125
5 6.62841796875
2 14.361572265625
2 4.4189453125
2 22.0947265625
0 0
2 11.04736328125
2 20.989990234375
0 0
0 0
2 11.04736328125
2 22.0947265625
0 0
2 9.942626953125
2 11.04736328125
0 0
4 8.837890625
2 20.989990234375
0 0
4 26.513671875
0 0
0 0
2 8.837890625
3 18.780517578125
1 0
2 15.46630859375
1 22.0947265625
1 0
0 0
2 12.152099609375
2 15.46630859375
0 0
3 24.30419921875
1 0
0 0
5 14.361572265625
3 36.456298828125
0 0
0 0
0 0
2 6.62841796875
2 19.88525390625
0 0
2 13.2568359375
1 32.037353515625
1 0
0 0
0 0
4 15.46630859375
0 0
2 29.827880859375
0 0
0 0
2 11.04736328125
2 4.4189453125
3 34.246826171875
1 0
0 0
1 24.30419921875
1 0
0 0
2 6.62841796875
4 14.361572265625
1 2.20947265625
3 8.837890625
6 8.837890625
4 8.837890625
2 14.361572265625
2 33.14208984375
0 0
0 0
0 0
2 32.037353515625
0 0
0 0
2 8.837890625
3 15.46630859375
1 0
2 16.571044921875
0 0
2 13.2568359375
2 36.456298828125
0 0
0 0
0 0
3 6.62841796875
3 30.9326171875
0 0
0 0
2 7.733154296875
3 6.62841796875
3 8.837890625
4 8.837890625
2 11.04736328125
2 20.989990234375
0 0
2 17.67578125
0 0
2 20.989990234375
0 0
0 0
2 8.837890625
4 13.2568359375
2 17.67578125
0 0
2 9.942626953125
4 37.738037109375
0 0
0 0
0 0
2 8.837890625
2 8.837890625
2 4.4189453125
4 15.46630859375
2 27.618408203125
0 0
0 0
2 36.456298828125
0 0
0 0
0 0
2 2.20947265625
2 17.67578125
1 11.04736328125
1 0
2 25.408935546875
0 0
1 4.4189453125
3 36.456298828125
0 0
0 0
0 0
2 6.62841796875
2 11.04736328125
2 8.837890625
2 25.408935546875
0 0
0 0
2 11.04736328125
4 11.04736328125
2 4.4189453125
2 15.46630859375
2 36.456298828125
0 0
0 0
0 0
2 8.837890625
2 8.837890625
2 7.733154296875
4 11.04736328125
2 6.62841796875
5 11.04736328125
3 6.62841796875
2 14.361572265625
1 6.62841796875
3 8.837890625
2 36.456298828125
0 0
0 0
0 0
2 8.837890625
3 6.62841796875
3 15.46630859375
0 0
2 36.456298828125
0 0
0 0
0 0
2 8.837890625
2 34.246826171875
0 0
0 0
2 4.4189453125
2 6.62841796875
2 36.456298828125
0 0
0 0
0 0
3 11.04736328125
4 11.04736328125
5 8.837890625
2 18.780517578125
0 0
3 32.037353515625
1 0
0 0
1 13.2568359375
1 0
2 26.513671875
0 0
0 0
2 14.361572265625
1 26.513671875
1 0
0 0
2 13.2568359375
0 0
2 14.361572265625
2 8.837890625
2 2.20947265625
2 26.513671875
0 0
1 5.523681640625
3 26.513671875
0 0
0 0
2 11.04736328125
2 8.837890625
2 14.361572265625
0 0
2 19.88525390625
0 0
2 27.618408203125
0 0
0 0
2 15.46630859375
0 0
2 19.88525390625
0 0
4 25.408935546875
0 0
0 0
2 36.456298828125
0 0
0 0
0 0
2 36.456298828125
0 0
0 0
0 0
2 36.456298828125
0 0
0 0
0 0
2 36.456298828125
0 0
0 0
0 0
2 36.456298828125
0 0
0 0
0 0
2 33.14208984375
0 0
0 0
2 36.456298828125
0 0
0 0
0 0
2 25.408935546875
0 0
0 0
2 28.72314453125
0 0
0 0
2 8.837890625
2 5.523681640625
2 13.2568359375
3 13.2568359375
1 0
6 11.04736328125
2 8.837890625
4 20.989990234375
0 0
2 36.456298828125
0 0
0 0
0 0
2 4.4189453125
2 36.456298828125
0 0
0 0
0 0
4 13.2568359375
2 4.4189453125
2 15.46630859375
2 20.989990234375
0 0
0 0
2 17.67578125
2 36.456298828125
0 0
0 0
0 0
1 8.837890625
2 2.20947265625
5 40.875244140625
0 0
0 0
0 0
3 13.2568359375
1 0
4 8.837890625
2 11.04736328125
4 9.942626953125
2 13.2568359375
2 26.513671875
0 0
0 0
2 23.199462890625
0 0
0 0
2 26.513671875
0 0
0 0
2 9.942626953125
2 6.62841796875
2 11.04736328125
2 15.46630859375
1 6.62841796875
3 12.152099609375
1 2.20947265625
3 36.456298828125
0 0
0 0
0 0
2 8.837890625
2 11.04736328125
2 11.04736328125
2 6.62841796875
4 17.67578125
0 0
4 38.665771484375
0 0
0 0
0 0
2 36.456298828125
0 0
0 0
0 0
2 36.456298828125
0 0
0 0
0 0
2 36.456298828125
0 0
0 0
0 0
2 36.456298828125
0 0
0 0
0 0
2 36.456298828125
0 0
0 0
0 0
2 8.837890625
2 36.456298828125
0 0
0 0
0 0
2 36.456298828125
0 0
0 0
0 0
2 36.456298828125
0 0
0 0
0 0
2 36.456298828125
0 0
0 0
0 0
2 36.456298828125
0 0
0 0
0 0
2 7.733154296875
2 36.456298828125
0 0
0 0
0 0
2 36.456298828125
0 0
0 0
0 0
2 36.456298828125
0 0
0 0
0 0
3 7.733154296875
5 25.408935546875
0 0
2 36.456298828125
0 0
0 0
0 0
1 8.837890625
2 11.04736328125
1 0
2 36.456298828125
0 0
0 0
0 0
4 13.2568359375
2 8.837890625
2 23.199462890625
0 0
0 0
2 24.30419921875
0 0
2 8.837890625
2 4.4189453125
4 9.942626953125
3 8.837890625
3 8.837890625
2 8.837890625
2 16.571044921875
1 6.62841796875
3 33.14208984375
0 0
0 0
0 0
2 18.780517578125
0 0
2 35.3515625
0 0
0 0
0 0
2 18.780517578125
0 0
2 34.246826171875
0 0
0 0
0 0
4 38.3544921875
0 0
0 0
0 0
2 36.456298828125
0 0
0 0
0 0
2 36.456298828125
0 0
0 0
0 0
3 37.56103515625
0 0
0 0
0 0
2 36.456298828125
0 0
0 0
0 0
2 36.456298828125
0 0
0 0
0 0
2 36.456298828125
0 0
0 0
0 0
2 36.456298828125
0 0
0 0
0 0
2 7.733154296875
2 36.456298828125
0 0
0 0
0 0
2 36.456298828125
0 0
0 0
0 0
2 36.456298828125
0 0
0 0
0 0
2 36.456298828125
0 0
0 0
0 0
2 36.456298828125
0 0
0 0
0 0
2 12.152099609375
2 36.456298828125
0 0
0 0
0 0
2 36.456298828125
0 0
0 0
0 0
2 36.456298828125
0 0
0 0
0 0
2 23.199462890625
0 0
0 0
2 36.456298828125
0 0
0 0
0 0
4 18.780517578125
0 0
4 43.084716796875
0 0
0 0
0 0
1 17.67578125
1 0
2 4.4189453125
2 15.46630859375
0 0
4 29.827880859375
0 0
0 0
2 30.9326171875
0 0
0 0
2 27.618408203125
0 0
0 0
2 36.456298828125
0 0
0 0
0 0
2 17.67578125
0 0
2 13.2568359375
0 0
4 9.942626953125
2 36.456298828125
0 0
0 0
0 0
2 11.04736328125
2 36.456298828125
0 0
0 0
0 0
2 36.456298828125
0 0
0 0
0 0
4 39.7705078125
0 0
0 0
0 0
2 36.456298828125
0 0
0 0
0 0
2 36.456298828125
0 0
0 0
0 0
2 36.456298828125
0 0
0 0
0 0
2 36.456298828125
0 0
0 0
0 0
2 3.314208984375
2 36.456298828125
0 0
0 0
0 0
2 36.456298828125
0 0
0 0
0 0
2 36.456298828125
0 0
0 0
0 0
2 36.456298828125
0 0
0 0
0 0
2 36.456298828125
0 0
0 0
0 0
4 44.189453125
0 0
0 0
0 0
2 36.456298828125
0 0
0 0
0 0
2 36.456298828125
0 0
0 0
0 0
2 36.456298828125
0 0
0 0
0 0
2 36.456298828125
0 0
0 0
0 0
1 6.62841796875
3 36.456298828125
0 0
0 0
0 0
2 36.456298828125
0 0
0 0
0 0
2 36.456298828125
0 0
0 0
0 0
4 38.665771484375
0 0
0 0
0 0
2 17.67578125
0 0
2 36.456298828125
0 0
0 0
0 0
2 17.67578125
0 0
2 8.837890625
3 11.04736328125
2 29.827880859375
1 0
0 0
0 0
2 11.04736328125
2 36.456298828125
0 0
0 0
0 0
2 6.62841796875
2 13.2568359375
2 14.361572265625
0 0
4 36.566162109375
0 0
0 0
0 0
2 36.456298828125
0 0
0 0
0 0
2 36.456298828125
0 0
0 0
0 0
4 39.7705078125
0 0
0 0
0 0
2 36.456298828125
0 0
0 0
0 0
2 36.456298828125
0 0
0 0
0 0
2 36.456298828125
0 0
0 0
0 0
2 36.456298828125
0 0
0 0
0 0
2 5.523681640625
2 36.456298828125
0 0
0 0
0 0
2 36.456298828125
0 0
0 0
0 0
2 36.456298828125
0 0
0 0
0 0
2 36.456298828125
0 0
0 0
0 0
2 36.456298828125
0 0
0 0
0 0
2 11.04736328125
2 36.456298828125
0 0
0 0
0 0
2 36.456298828125
0 0
0 0
0 0
2 36.456298828125
0 0
0 0
0 0
2 36.456298828125
0 0
0 0
0 0
2 36.456298828125
0 0
0 0
0 0
2 7.733154296875
2 36.456298828125
0 0
0 0
0 0
2 36.456298828125
0 0
0 0
0 0
2 36.456298828125
0 0
0 0
0 0
2 36.456298828125
0 0
0 0
0 0
2 24.30419921875
0 0
2 36.456298828125
0 0
0 0
0 0
2 19.88525390625
0 0
2 36.456298828125
0 0
0 0
0 0
1 17.67578125
1 0
2 29.827880859375
0 0
0 0
0 0
2 22.0947265625
0 0
2 36.456298828125
0 0
0 0
0 0
2 36.456298828125
0 0
0 0
0 0
2 36.456298828125
0 0
0 0
0 0
2 36.456298828125
0 0
0 0
0 0
2 36.456298828125
0 0
0 0
0 0
2 33.14208984375
0 0
0 0
0 0
2 36.456298828125
0 0
0 0
0 0
2 36.456298828125
0 0
0 0
0 0
2 36.456298828125
0 0
0 0
0 0
2 36.456298828125
0 0
0 0
0 0
2 36.456298828125
0 0
0 0
0 0
2 7.733154296875
2 36.456298828125
0 0
0 0
0 0
2 36.456298828125
0 0
0 0
0 0
2 36.456298828125
0 0
0 0
0 0
2 36.456298828125
0 0
0 0
0 0
2 36.456298828125
0 0
0 0
0 0
4 44.189453125
0 0
0 0
0 0
2 36.456298828125
0 0
0 0
0 0
2 36.456298828125
0 0
0 0
0 0
2 36.456298828125
0 0
0 0
0 0
2 36.456298828125
0 0
0 0
0 0
2 7.733154296875
2 36.456298828125
0 0
0 0
0 0
2 35.3515625
0 0
0 0
0 0
2 36.456298828125
0 0
0 0
0 0
2 4.4189453125
2 13.2568359375
6 39.94140625
0 0
0 0
0 0
1 24.30419921875
1 0
0 0
2 36.456298828125
0 0
0 0
0 0
2 36.456298828125
0 0
0 0
0 0
2 36.456298828125
0 0
0 0
0 0
2 36.456298828125
0 0
0 0
0 0
2 36.456298828125
0 0
0 0
0 0
3 37.56103515625
0 0
0 0
0 0
2 36.456298828125
0 0
0 0
0 0
2 36.456298828125
0 0
0 0
0 0
2 36.456298828125
0 0
0 0
0 0
2 36.456298828125
0 0
0 0
0 0
2 6.62841796875
2 36.456298828125
0 0
0 0
0 0
2 36.456298828125
0 0
0 0
0 0
2 36.456298828125
0 0
0 0
0 0
2 36.456298828125
0 0
0 0
0 0
2 36.456298828125
0 0
0 0
0 0
4 39.7705078125
0 0
0 0
0 0
2 36.456298828125
0 0
0 0
0 0
2 36.456298828125
0 0
0 0
0 0
2 36.456298828125
0 0
0 0
0 0
2 36.456298828125
0 0
0 0
0 0
2 12.152099609375
0 0
2 36.456298828125
0 0
0 0
0 0
2 36.456298828125
0 0
0 0
0 0
2 36.456298828125
0 0
0 0
0 0
3 30.9326171875
0 0
0 0
2 17.67578125
0 0
2 14.361572265625
1 36.456298828125
0 0
1 0
0 0
2 36.456298828125
0 0
0 0
0 0
2 36.456298828125
0 0
0 0
0 0
2 36.456298828125
0 0
0 0
0 0
1 9.942626953125
1 0
2 36.456298828125
0 0
0 0
0 0
2 36.456298828125
0 0
0 0
0 0
2 36.456298828125
0 0
0 0
0 0
2 36.456298828125
0 0
0 0
0 0
2 36.456298828125
0 0
0 0
0 0
2 25.408935546875
0 0
2 36.456298828125
0 0
0 0
0 0
2 36.456298828125
0 0
0 0
0 0
2 36.456298828125
0 0
0 0
0 0
2 36.456298828125
0 0
0 0
0 0
2 36.456298828125
0 0
0 0
0 0
2 7.733154296875
2 36.456298828125
0 0
0 0
0 0
2 36.456298828125
0 0
0 0
0 0
2 36.456298828125
0 0
0 0
0 0
2 36.456298828125
0 0
0 0
0 0
2 36.456298828125
0 0
0 0
0 0
2 12.152099609375
2 36.456298828125
0 0
0 0
0 0
2 36.456298828125
0 0
0 0
0 0
2 36.456298828125
0 0
0 0
0 0
2 36.456298828125
0 0
0 0
0 0
1 20.989990234375
1 0
0 0
2 25.408935546875
0 0
0 0
2 36.456298828125
0 0
0 0
0 0
2 36.456298828125
0 0
0 0
0 0
2 13.2568359375
2 36.456298828125
0 0
0 0
0 0
2 36.456298828125
0 0
0 0
0 0
2 36.456298828125
0 0
0 0
0 0
2 36.456298828125
0 0
0 0
0 0
2 36.456298828125
0 0
0 0
0 0
2 20.989990234375
0 0
2 36.456298828125
0 0
0 0
0 0
2 36.456298828125
0 0
0 0
0 0
2 36.456298828125
0 0
0 0
0 0
2 36.456298828125
0 0
0 0
0 0
2 36.456298828125
0 0
0 0
0 0
2 12.152099609375
0 0
2 36.456298828125
0 0
0 0
0 0
2 36.456298828125
0 0
0 0
0 0
2 36.456298828125
0 0
0 0
0 0
2 36.456298828125
0 0
0 0
0 0
2 36.456298828125
0 0
0 0
0 0
4 44.189453125
0 0
0 0
0 0
2 36.456298828125
0 0
0 0
0 0
2 36.456298828125
0 0
0 0
0 0
2 36.456298828125
0 0
0 0
0 0
2 36.456298828125
0 0
0 0
0 0
1 7.733154296875
3 36.456298828125
0 0
0 0
0 0
2 15.46630859375
0 0
2 36.456298828125
0 0
0 0
0 0
2 34.246826171875
0 0
0 0
0 0
4 36.871337890625
0 0
0 0
0 0
2 36.456298828125
0 0
0 0
0 0
2 9.942626953125
2 36.456298828125
0 0
0 0
0 0
2 36.456298828125
0 0
0 0
0 0
2 36.456298828125
0 0
0 0
0 0
2 36.456298828125
0 0
0 0
0 0
2 36.456298828125
0 0
0 0
0 0
2 18.780517578125
0 0
2 36.456298828125
0 0
0 0
0 0
2 36.456298828125
0 0
0 0
0 0
2 36.456298828125
0 0
0 0
0 0
2 36.456298828125
0 0
0 0
0 0
2 36.456298828125
0 0
0 0
0 0
4 41.97998046875
0 0
0 0
0 0
2 36.456298828125
0 0
0 0
0 0
2 36.456298828125
0 0
0 0
0 0
2 36.456298828125
0 0
0 0
0 0
2 36.456298828125
0 0
0 0
0 0
1 7.733154296875
3 36.456298828125
0 0
0 0
0 0
2 36.456298828125
0 0
0 0
0 0
2 36.456298828125
0 0
0 0
0 0
2 36.456298828125
0 0
0 0
0 0
2 36.456298828125
0 0
0 0
0 0
2 7.733154296875
2 36.456298828125
0 0
0 0
0 0
2 28.72314453125
0 0
0 0
2 36.456298828125
0 0
0 0
0 0
2 34.246826171875
0 0
0 0
0 0
2 36.456298828125
0 0
0 0
0 0
2 36.456298828125
0 0
0 0
0 0
2 36.456298828125
0 0
0 0
0 0
2 9.942626953125
2 36.456298828125
0 0
0 0
0 0
2 36.456298828125
0 0
0 0
0 0
2 36.456298828125
0 0
0 0
0 0
2 36.456298828125
0 0
0 0
0 0
2 36.456298828125
0 0
0 0
0 0
3 37.56103515625
0 0
0 0
0 0
2 36.456298828125
0 0
0 0
0 0
2 36.456298828125
0 0
0 0
0 0
2 36.456298828125
0 0
0 0
0 0
2 36.456298828125
0 0
0 0
0 0
2 12.152099609375
0 0
2 36.456298828125
0 0
0 0
0 0
2 36.456298828125
0 0
0 0
0 0
2 36.456298828125
0 0
0 0
1 36.456298828125
1 0
0 0
0 0
1 36.456298828125
1 0
0 0
0 0
1 7.733154296875
3 36.456298828125
0 0
0 0
0 0
2 36.456298828125
0 0
0 0
0 0
2 36.456298828125
0 0
0 0
0 0
2 36.456298828125
0 0
0 0
0 0
2 36.456298828125
0 0
0 0
0 0
2 7.733154296875
2 36.456298828125
0 0
0 0
0 0
2 3.314208984375
2 36.456298828125
0 0
0 0
0 0
2 20.989990234375
0 0
4 36.944580078125
0 0
0 0
0 0
2 36.456298828125
0 0
0 0
0 0
2 36.456298828125
0 0
0 0
0 0
2 36.456298828125
0 0
0 0
0 0
2 36.456298828125
0 0
0 0
0 0
2 7.733154296875
2 36.456298828125
0 0
0 0
0 0
2 36.456298828125
0 0
0 0
0 0
2 36.456298828125
0 0
0 0
0 0
2 36.456298828125
0 0
0 0
0 0
2 36.456298828125
0 0
0 0
0 0
4 38.665771484375
0 0
0 0
0 0
2 36.456298828125
0 0
0 0
0 0
2 36.456298828125
0 0
0 0
0 0
2 36.456298828125
0 0
0 0
0 0
2 36.456298828125
0 0
0 0
0 0
2 7.733154296875
2 36.456298828125
0 0
0 0
0 0
2 36.456298828125
0 0
0 0
0 0
2 36.456298828125
0 0
0 0
0 0
2 36.456298828125
0 0
0 0
0 0
2 36.456298828125
0 0
0 0
0 0
2 7.733154296875
2 36.456298828125
0 0
0 0
0 0
2 36.456298828125
0 0
0 0
0 0
2 36.456298828125
0 0
0 0
0 0
2 36.456298828125
0 0
0 0
0 0
2 16.571044921875
2 36.456298828125
0 0
0 0
0 0
2 27.618408203125
0 0
0 0
2 36.456298828125
0 0
0 0
0 0
1 30.9326171875
1 0
0 0
0 0
2 36.456298828125
0 0
0 0
0 0
2 36.456298828125
0 0
0 0
0 0
2 36.456298828125
0 0
0 0
0 0
2 36.456298828125
0 0
0 0
0 0
2 36.456298828125
0 0
0 0
0 0
2 7.733154296875
2 36.456298828125
0 0
0 0
0 0
2 36.456298828125
0 0
0 0
0 0
2 36.456298828125
0 0
0 0
0 0
2 36.456298828125
0 0
0 0
0 0
2 36.456298828125
0 0
0 0
0 0
2 12.152099609375
2 36.456298828125
0 0
0 0
0 0
2 36.456298828125
0 0
0 0
0 0
2 36.456298828125
0 0
0 0
0 0
2 36.456298828125
0 0
0 0
0 0
2 36.456298828125
0 0
0 0
0 0
4 39.7705078125
0 0
0 0
0 0
2 36.456298828125
0 0
0 0
0 0
2 36.456298828125
0 0
0 0
0 0
2 36.456298828125
0 0
0 0
0 0
2 36.456298828125
0 0
0 0
0 0
2 6.62841796875
2 36.456298828125
0 0
0 0
0 0
2 36.456298828125
0 0
0 0
0 0
2 32.037353515625
0 0
0 0
0 0
2 17.67578125
1 27.618408203125
1 0
0 0
0 0
2 36.456298828125
0 0
0 0
0 0
2 36.456298828125
0 0
0 0
0 0
2 36.456298828125
0 0
0 0
0 0
2 36.456298828125
0 0
0 0
0 0
2 22.0947265625
0 0
2 36.456298828125
0 0
0 0
0 0
2 36.456298828125
0 0
0 0
0 0
2 36.456298828125
0 0
0 0
0 0
2 36.456298828125
0 0
0 0
0 0
2 36.456298828125
0 0
0 0
0 0
2 7.733154296875
2 36.456298828125
0 0
0 0
0 0
2 36.456298828125
0 0
0 0
0 0
2 36.456298828125
0 0
0 0
0 0
2 36.456298828125
0 0
0 0
0 0
2 36.456298828125
0 0
0 0
0 0
2 7.733154296875
2 36.456298828125
0 0
0 0
0 0
2 36.456298828125
0 0
0 0
0 0
2 36.456298828125
0 0
0 0
0 0
2 36.456298828125
0 0
0 0
0 0
2 36.456298828125
0 0
0 0
0 0
2 11.04736328125
2 36.456298828125
0 0
0 0
0 0
2 36.456298828125
0 0
0 0
0 0
2 36.456298828125
0 0
0 0
0 0
2 36.456298828125
0 0
0 0
0 0
2 36.456298828125
0 0
0 0
0 0
2 7.733154296875
4 40.875244140625
0 0
0 0
0 0
2 20.989990234375
0 0
2 36.456298828125
0 0
0 0
0 0
2 36.456298828125
0 0
0 0
0 0
1 23.199462890625
1 0
0 0
2 36.456298828125
0 0
0 0
0 0
2 36.456298828125
0 0
0 0
0 0
2 36.456298828125
0 0
0 0
0 0
2 36.456298828125
0 0
0 0
0 0
2 36.456298828125
0 0
0 0
0 0
4 40.875244140625
0 0
0 0
0 0
2 36.456298828125
0 0
0 0
0 0
2 36.456298828125
0 0
0 0
0 0
2 36.456298828125
0 0
0 0
0 0
2 36.456298828125
0 0
0 0
0 0
1 12.152099609375
1 0
2 36.456298828125
0 0
0 0
0 0
2 36.456298828125
0 0
0 0
0 0
2 36.456298828125
0 0
0 0
0 0
2 36.456298828125
0 0
0 0
0 0
2 36.456298828125
0 0
0 0
0 0
2 7.733154296875
2 36.456298828125
0 0
0 0
0 0
2 36.456298828125
0 0
0 0
0 0
2 36.456298828125
0 0
0 0
0 0
2 36.456298828125
0 0
0 0
0 0
2 36.456298828125
0 0
0 0
0 0
4 44.189453125
0 0
0 0
0 0
1 33.14208984375
1 0
0 0
0 0
2 36.456298828125
0 0
0 0
0 0
2 20.989990234375
0 0
2 11.04736328125
0 0
2 0.30517578125
0 0
1 0
